{
 "cells": [
  {
   "cell_type": "code",
   "execution_count": 30,
   "id": "artificial-handy",
   "metadata": {
    "scrolled": true
   },
   "outputs": [],
   "source": [
    "#Load Packages\n",
    "import glob\n",
    "import pandas as pd\n",
    "import re\n",
    "import numpy as np\n",
    "from plotnine import *\n",
    "import warnings\n",
    "from sklearn.cluster import KMeans"
   ]
  },
  {
   "cell_type": "code",
   "execution_count": 6,
   "id": "alike-daughter",
   "metadata": {},
   "outputs": [],
   "source": [
    "warnings.filterwarnings('ignore')"
   ]
  },
  {
   "cell_type": "code",
   "execution_count": 7,
   "id": "european-religious",
   "metadata": {},
   "outputs": [],
   "source": [
    "#RDQ\n",
    "rdqPre = pd.read_spss('../Data/PrePostMeasures/RDQPre_1.sav')\n",
    "rdqPost = pd.read_spss('../Data/PrePostMeasures/RDQPost_1.sav')\n",
    "rdqPre\n",
    "\n",
    "#Satisfaction\n",
    "satOld = pd.read_spss('../Data/PHPSatisfaction/EndofTreatmentSurveyData/EOT Verfication_1.sav')\n",
    "satNew = pd.read_spss('../Data/DischargePacket/2022-06-06 dc.sav')\n",
    "\n",
    "#Diagnosis\n",
    "dx = pd.read_spss('../Data/DemosDx/Diagnosis_1.sav')\n",
    "demo = pd.read_spss('../Data/DemosDx/Demographics Form_1.sav')"
   ]
  },
  {
   "cell_type": "code",
   "execution_count": 8,
   "id": "careful-quantum",
   "metadata": {},
   "outputs": [],
   "source": [
    "#RDQ Arrangement: Symptoms, Coping Ability, Positive Mental Health, Functioning, Well-Being and Life Satisfaction\n",
    "rdqPre.ID1 = rdqPre.ID1.astype('object')\n",
    "rdqPost.ID1 = rdqPost.ID1.astype('object')\n",
    "rdqPre = rdqPre.replace(\n",
    "    {'not at all or rarely true': 0, 'sometimes true': 1, 'often or almost always true': 2})\n",
    "rdqPost = rdqPost.replace(\n",
    "    {'not at all or rarely true': 0, 'sometimes true': 1, 'often or almost always true': 2})\n",
    "\n",
    "#Convert reverse items\n",
    "for i in [29,30,48,49,50] :\n",
    "    colname1 = 'rdqpre_' + str(i) + '_1'\n",
    "    colname2 = 'rdqpost_' + str(i) + '_1'\n",
    "    rdqPre[colname1] = abs(rdqPre[colname1].astype('float') - 2)\n",
    "    rdqPost[colname2] = abs(rdqPost[colname2].astype('float') - 2)"
   ]
  },
  {
   "cell_type": "code",
   "execution_count": 9,
   "id": "documented-holocaust",
   "metadata": {},
   "outputs": [],
   "source": [
    "rdqPre['rdqpre_29_1'] = abs(rdqPre['rdqpre_29_1'].astype('float') - 2)\n",
    "rdqPre['rdqpre_30_1'] = abs(rdqPre['rdqpre_30_1'].astype('float') - 2)\n",
    "rdqPre['rdqpre_48_1'] = abs(rdqPre['rdqpre_48_1'].astype('float') - 2)\n",
    "rdqPre['rdqpre_49_1'] = abs(rdqPre['rdqpre_49_1'].astype('float') - 2)\n",
    "rdqPre['rdqpre_50_1'] = abs(rdqPre['rdqpre_50_1'].astype('float') - 2)\n",
    "rdqPre['rdqpre_51_1'] = abs(rdqPre['rdqpre_51_1'].astype('float') - 2)\n",
    "rdqPre['rdqpre_52_1'] = abs(rdqPre['rdqpre_52_1'].astype('float') - 2)\n",
    "\n",
    "rdqPost['rdqpost_29_1'] = abs(rdqPost['rdqpost_29_1'].astype('float') - 2)\n",
    "rdqPost['rdqpost_30_1'] = abs(rdqPost['rdqpost_30_1'].astype('float') - 2)\n",
    "rdqPost['rdqpost_48_1'] = abs(rdqPost['rdqpost_48_1'].astype('float') - 2)\n",
    "rdqPost['rdqpost_49_1'] = abs(rdqPost['rdqpost_49_1'].astype('float') - 2)\n",
    "rdqPost['rdqpost_50_1'] = abs(rdqPost['rdqpost_50_1'].astype('float') - 2)\n",
    "rdqPost['rdqpost_51_1'] = abs(rdqPost['rdqpost_51_1'].astype('float') - 2)\n",
    "rdqPost['rdqpost_52_1'] = abs(rdqPost['rdqpost_52_1'].astype('float') - 2)"
   ]
  },
  {
   "cell_type": "code",
   "execution_count": 10,
   "id": "ruled-decade",
   "metadata": {},
   "outputs": [],
   "source": [
    "#Agregate scores of different RDQ sections\n",
    "rdqPre['pre_sym'] = rdqPre.iloc[:,1:26].mean(axis = 1)\n",
    "rdqPre['pre_cope'] = rdqPre.iloc[:,26:31].mean(axis = 1)\n",
    "rdqPre['pre_pmh'] = rdqPre.iloc[:,31:43].mean(axis = 1)\n",
    "rdqPre['pre_fun'] = rdqPre.iloc[:,43:53].mean(axis = 1)\n",
    "rdqPre['pre_well'] = rdqPre.iloc[:,53:61].mean(axis = 1)\n",
    "\n",
    "rdqPost['post_sym'] = rdqPost.iloc[:,1:26].mean(axis = 1)\n",
    "rdqPost['post_cope'] = rdqPost.iloc[:,26:31].mean(axis = 1)\n",
    "rdqPost['post_pmh'] = rdqPost.iloc[:,31:43].mean(axis = 1)\n",
    "rdqPost['post_fun'] = rdqPost.iloc[:,43:53].mean(axis = 1)\n",
    "rdqPost['post_well'] = rdqPost.iloc[:,53:61].mean(axis = 1)\n",
    "\n",
    "rdq = pd.merge(rdqPre, rdqPost, on = 'ID1', how = 'inner')"
   ]
  },
  {
   "cell_type": "code",
   "execution_count": 11,
   "id": "hungarian-council",
   "metadata": {},
   "outputs": [
    {
     "name": "stdout",
     "output_type": "stream",
     "text": [
      "N of people who were administered with the discharge package: 3811\n"
     ]
    }
   ],
   "source": [
    "#Merge old and new overall satisfaction \n",
    "satGlobalOld = satOld.loc[:,['PHP_ID_1','OVERALL_1', 'IMPRV_1']].rename(columns = {'PHP_ID_1': 'ID1', 'OVERALL_1': 'overall1',\n",
    "                                                                                   'IMPRV_1': 'imprv1'})\n",
    "satGlobalNew = satNew.loc[:,['id1','overall_1', 'imprv_1']].rename(columns = {'id1': 'ID1', 'overall_1': 'overall1',\n",
    "                                                                              'imprv_1': 'imprv1'})\n",
    "satGlobal = pd.concat([satGlobalOld, satGlobalNew],axis = 0)\n",
    "satGlobal = satGlobal[satGlobal.ID1 != 0]\n",
    "satGlobal.ID1 = satGlobal.ID1.astype('object')\n",
    "\n",
    "print('N of people who were administered with the discharge package:', satGlobal.shape[0]) "
   ]
  },
  {
   "cell_type": "code",
   "execution_count": 12,
   "id": "durable-appendix",
   "metadata": {},
   "outputs": [
    {
     "name": "stdout",
     "output_type": "stream",
     "text": [
      "Overall Satisfaction Missing Values =  49 \n",
      "Overall Improvement Missing Values =  46\n"
     ]
    }
   ],
   "source": [
    "print('Overall Satisfaction Missing Values = ', sum(satGlobal.overall1.isnull()),'\\n'\n",
    "      'Overall Improvement Missing Values = ', sum(satGlobal.imprv1.isnull()))"
   ]
  },
  {
   "cell_type": "code",
   "execution_count": 13,
   "id": "wanted-stylus",
   "metadata": {},
   "outputs": [],
   "source": [
    "df = pd.merge(satGlobal, rdq, how = 'inner', on = 'ID1')\n",
    "df = pd.merge(df, dx, how = 'left', on = 'ID1')\n",
    "df = pd.merge(df, demo, how = 'left', on = 'ID1')"
   ]
  },
  {
   "cell_type": "code",
   "execution_count": 14,
   "id": "temporal-cylinder",
   "metadata": {},
   "outputs": [
    {
     "name": "stdout",
     "output_type": "stream",
     "text": [
      "People who completed the program and have less than 10 missing values in RDQ at intake and discharge 2711\n"
     ]
    }
   ],
   "source": [
    "df = df[df.filter(regex='rdqpre').isnull().sum(axis=1) <=10]\n",
    "df = df[df.filter(regex='rdqpost').isnull().sum(axis=1) <=10]\n",
    "print('People who completed the program and have less than 10 missing values in RDQ at intake and discharge', \n",
    "      df.shape[0])"
   ]
  },
  {
   "cell_type": "code",
   "execution_count": 15,
   "id": "adaptive-economy",
   "metadata": {},
   "outputs": [],
   "source": [
    "df_long0 = \\\n",
    "pd.melt(df, id_vars = ['ID1', 'overall1', 'imprv1'], \n",
    "        value_vars = ['pre_sym', 'pre_cope', 'pre_pmh', 'pre_fun', 'pre_well'], \n",
    "        var_name = 'rdqvar', value_name = 'rdqvalue')\n",
    "\n",
    "df_long0 = \\\n",
    "pd.melt(df_long0, id_vars = ['ID1', 'rdqvar', 'rdqvalue'], \n",
    "        value_vars = ['overall1', 'imprv1'], \n",
    "        var_name = 'satvar', value_name = 'satvalue')\n",
    "\n",
    "df_long0.rdqvar = df_long0.rdqvar.astype('category').cat.reorder_categories(\n",
    "    ['pre_sym', 'pre_cope', 'pre_pmh', 'pre_fun', 'pre_well'])\n",
    "df_long0.satvar = df_long0.satvar.astype('category').cat.reorder_categories(\n",
    "    ['overall1', 'imprv1'])\n",
    "\n",
    "\n",
    "df_long = \\\n",
    "pd.melt(df, id_vars = ['ID1', 'overall1', 'imprv1'], \n",
    "        value_vars = ['post_sym', 'post_cope', 'post_pmh', 'post_fun', 'post_well'], \n",
    "        var_name = 'rdqvar', value_name = 'rdqvalue')\n",
    "df_long = \\\n",
    "pd.melt(df_long, id_vars = ['ID1', 'rdqvar', 'rdqvalue'], \n",
    "        value_vars = ['overall1', 'imprv1'], \n",
    "        var_name = 'satvar', value_name = 'satvalue')\n",
    "\n",
    "df_long.rdqvar = df_long.rdqvar.astype('category').cat.reorder_categories(\n",
    "    ['post_sym', 'post_cope', 'post_pmh', 'post_fun', 'post_well'])\n",
    "df_long.satvar = df_long.satvar.astype('category').cat.reorder_categories(\n",
    "    ['overall1', 'imprv1'])\n",
    "\n",
    "\n",
    "#Compute Change Score (Larger scale = Larger Improvement)\n",
    "df['change_sym'] = df.pre_sym - df.post_sym \n",
    "df['change_cope'] = df.post_cope - df.pre_cope\n",
    "df['change_pmh'] = df.post_pmh - df.pre_pmh\n",
    "df['change_fun'] = df.post_fun - df.pre_fun\n",
    "df['change_well'] = df.post_well - df.pre_well\n",
    "\n",
    "df_long2 = \\\n",
    "pd.melt(df, id_vars = ['ID1', 'overall1', 'imprv1'], \n",
    "        value_vars = ['change_sym', 'change_cope', 'change_pmh', 'change_fun', 'change_well'], \n",
    "        var_name = 'rdqvar', value_name = 'rdqvalue')\n",
    "\n",
    "df_long2 = \\\n",
    "pd.melt(df_long2, id_vars = ['ID1', 'rdqvar', 'rdqvalue'], \n",
    "        value_vars = ['overall1', 'imprv1'], \n",
    "        var_name = 'satvar', value_name = 'satvalue')\n",
    "\n",
    "df_long2.rdqvar = df_long2.rdqvar.astype('category').cat.reorder_categories(\n",
    "    ['change_sym', 'change_cope', 'change_pmh', 'change_fun', 'change_well'])\n",
    "df_long2.satvar = df_long2.satvar.astype('category').cat.reorder_categories(\n",
    "    ['overall1', 'imprv1'])"
   ]
  },
  {
   "cell_type": "code",
   "execution_count": 16,
   "id": "optimum-salem",
   "metadata": {},
   "outputs": [
    {
     "data": {
      "text/html": [
       "<div>\n",
       "<style scoped>\n",
       "    .dataframe tbody tr th:only-of-type {\n",
       "        vertical-align: middle;\n",
       "    }\n",
       "\n",
       "    .dataframe tbody tr th {\n",
       "        vertical-align: top;\n",
       "    }\n",
       "\n",
       "    .dataframe thead th {\n",
       "        text-align: right;\n",
       "    }\n",
       "</style>\n",
       "<table border=\"1\" class=\"dataframe\">\n",
       "  <thead>\n",
       "    <tr style=\"text-align: right;\">\n",
       "      <th></th>\n",
       "      <th>overall1</th>\n",
       "      <th>imprv1</th>\n",
       "      <th>pre_sym</th>\n",
       "      <th>pre_cope</th>\n",
       "      <th>pre_pmh</th>\n",
       "      <th>pre_fun</th>\n",
       "      <th>pre_well</th>\n",
       "    </tr>\n",
       "  </thead>\n",
       "  <tbody>\n",
       "    <tr>\n",
       "      <th>overall1</th>\n",
       "      <td>1.000000</td>\n",
       "      <td>0.557869</td>\n",
       "      <td>-0.021413</td>\n",
       "      <td>0.015914</td>\n",
       "      <td>0.030022</td>\n",
       "      <td>0.020976</td>\n",
       "      <td>0.041632</td>\n",
       "    </tr>\n",
       "    <tr>\n",
       "      <th>imprv1</th>\n",
       "      <td>0.557869</td>\n",
       "      <td>1.000000</td>\n",
       "      <td>-0.097867</td>\n",
       "      <td>0.076065</td>\n",
       "      <td>0.158059</td>\n",
       "      <td>0.083785</td>\n",
       "      <td>0.135814</td>\n",
       "    </tr>\n",
       "    <tr>\n",
       "      <th>pre_sym</th>\n",
       "      <td>-0.021413</td>\n",
       "      <td>-0.097867</td>\n",
       "      <td>1.000000</td>\n",
       "      <td>-0.016343</td>\n",
       "      <td>-0.535086</td>\n",
       "      <td>-0.338271</td>\n",
       "      <td>-0.494452</td>\n",
       "    </tr>\n",
       "    <tr>\n",
       "      <th>pre_cope</th>\n",
       "      <td>0.015914</td>\n",
       "      <td>0.076065</td>\n",
       "      <td>-0.016343</td>\n",
       "      <td>1.000000</td>\n",
       "      <td>0.316728</td>\n",
       "      <td>0.200427</td>\n",
       "      <td>0.283635</td>\n",
       "    </tr>\n",
       "    <tr>\n",
       "      <th>pre_pmh</th>\n",
       "      <td>0.030022</td>\n",
       "      <td>0.158059</td>\n",
       "      <td>-0.535086</td>\n",
       "      <td>0.316728</td>\n",
       "      <td>1.000000</td>\n",
       "      <td>0.528723</td>\n",
       "      <td>0.756277</td>\n",
       "    </tr>\n",
       "    <tr>\n",
       "      <th>pre_fun</th>\n",
       "      <td>0.020976</td>\n",
       "      <td>0.083785</td>\n",
       "      <td>-0.338271</td>\n",
       "      <td>0.200427</td>\n",
       "      <td>0.528723</td>\n",
       "      <td>1.000000</td>\n",
       "      <td>0.540856</td>\n",
       "    </tr>\n",
       "    <tr>\n",
       "      <th>pre_well</th>\n",
       "      <td>0.041632</td>\n",
       "      <td>0.135814</td>\n",
       "      <td>-0.494452</td>\n",
       "      <td>0.283635</td>\n",
       "      <td>0.756277</td>\n",
       "      <td>0.540856</td>\n",
       "      <td>1.000000</td>\n",
       "    </tr>\n",
       "  </tbody>\n",
       "</table>\n",
       "</div>"
      ],
      "text/plain": [
       "          overall1    imprv1   pre_sym  pre_cope   pre_pmh   pre_fun  pre_well\n",
       "overall1  1.000000  0.557869 -0.021413  0.015914  0.030022  0.020976  0.041632\n",
       "imprv1    0.557869  1.000000 -0.097867  0.076065  0.158059  0.083785  0.135814\n",
       "pre_sym  -0.021413 -0.097867  1.000000 -0.016343 -0.535086 -0.338271 -0.494452\n",
       "pre_cope  0.015914  0.076065 -0.016343  1.000000  0.316728  0.200427  0.283635\n",
       "pre_pmh   0.030022  0.158059 -0.535086  0.316728  1.000000  0.528723  0.756277\n",
       "pre_fun   0.020976  0.083785 -0.338271  0.200427  0.528723  1.000000  0.540856\n",
       "pre_well  0.041632  0.135814 -0.494452  0.283635  0.756277  0.540856  1.000000"
      ]
     },
     "execution_count": 16,
     "metadata": {},
     "output_type": "execute_result"
    }
   ],
   "source": [
    "df[['overall1', 'imprv1', 'pre_sym', 'pre_cope', 'pre_pmh', 'pre_fun', 'pre_well']].corr()"
   ]
  },
  {
   "cell_type": "code",
   "execution_count": 17,
   "id": "understanding-tactics",
   "metadata": {
    "scrolled": true
   },
   "outputs": [
    {
     "data": {
      "text/html": [
       "<div>\n",
       "<style scoped>\n",
       "    .dataframe tbody tr th:only-of-type {\n",
       "        vertical-align: middle;\n",
       "    }\n",
       "\n",
       "    .dataframe tbody tr th {\n",
       "        vertical-align: top;\n",
       "    }\n",
       "\n",
       "    .dataframe thead th {\n",
       "        text-align: right;\n",
       "    }\n",
       "</style>\n",
       "<table border=\"1\" class=\"dataframe\">\n",
       "  <thead>\n",
       "    <tr style=\"text-align: right;\">\n",
       "      <th></th>\n",
       "      <th>overall1</th>\n",
       "      <th>imprv1</th>\n",
       "      <th>post_sym</th>\n",
       "      <th>post_cope</th>\n",
       "      <th>post_pmh</th>\n",
       "      <th>post_fun</th>\n",
       "      <th>post_well</th>\n",
       "    </tr>\n",
       "  </thead>\n",
       "  <tbody>\n",
       "    <tr>\n",
       "      <th>overall1</th>\n",
       "      <td>1.000000</td>\n",
       "      <td>0.557869</td>\n",
       "      <td>-0.232156</td>\n",
       "      <td>0.089570</td>\n",
       "      <td>0.277009</td>\n",
       "      <td>0.198988</td>\n",
       "      <td>0.262392</td>\n",
       "    </tr>\n",
       "    <tr>\n",
       "      <th>imprv1</th>\n",
       "      <td>0.557869</td>\n",
       "      <td>1.000000</td>\n",
       "      <td>-0.457884</td>\n",
       "      <td>0.183832</td>\n",
       "      <td>0.552663</td>\n",
       "      <td>0.376701</td>\n",
       "      <td>0.532114</td>\n",
       "    </tr>\n",
       "    <tr>\n",
       "      <th>post_sym</th>\n",
       "      <td>-0.232156</td>\n",
       "      <td>-0.457884</td>\n",
       "      <td>1.000000</td>\n",
       "      <td>-0.039732</td>\n",
       "      <td>-0.687886</td>\n",
       "      <td>-0.472463</td>\n",
       "      <td>-0.675026</td>\n",
       "    </tr>\n",
       "    <tr>\n",
       "      <th>post_cope</th>\n",
       "      <td>0.089570</td>\n",
       "      <td>0.183832</td>\n",
       "      <td>-0.039732</td>\n",
       "      <td>1.000000</td>\n",
       "      <td>0.296693</td>\n",
       "      <td>0.243415</td>\n",
       "      <td>0.292694</td>\n",
       "    </tr>\n",
       "    <tr>\n",
       "      <th>post_pmh</th>\n",
       "      <td>0.277009</td>\n",
       "      <td>0.552663</td>\n",
       "      <td>-0.687886</td>\n",
       "      <td>0.296693</td>\n",
       "      <td>1.000000</td>\n",
       "      <td>0.653087</td>\n",
       "      <td>0.866689</td>\n",
       "    </tr>\n",
       "    <tr>\n",
       "      <th>post_fun</th>\n",
       "      <td>0.198988</td>\n",
       "      <td>0.376701</td>\n",
       "      <td>-0.472463</td>\n",
       "      <td>0.243415</td>\n",
       "      <td>0.653087</td>\n",
       "      <td>1.000000</td>\n",
       "      <td>0.667067</td>\n",
       "    </tr>\n",
       "    <tr>\n",
       "      <th>post_well</th>\n",
       "      <td>0.262392</td>\n",
       "      <td>0.532114</td>\n",
       "      <td>-0.675026</td>\n",
       "      <td>0.292694</td>\n",
       "      <td>0.866689</td>\n",
       "      <td>0.667067</td>\n",
       "      <td>1.000000</td>\n",
       "    </tr>\n",
       "  </tbody>\n",
       "</table>\n",
       "</div>"
      ],
      "text/plain": [
       "           overall1    imprv1  post_sym  post_cope  post_pmh  post_fun  \\\n",
       "overall1   1.000000  0.557869 -0.232156   0.089570  0.277009  0.198988   \n",
       "imprv1     0.557869  1.000000 -0.457884   0.183832  0.552663  0.376701   \n",
       "post_sym  -0.232156 -0.457884  1.000000  -0.039732 -0.687886 -0.472463   \n",
       "post_cope  0.089570  0.183832 -0.039732   1.000000  0.296693  0.243415   \n",
       "post_pmh   0.277009  0.552663 -0.687886   0.296693  1.000000  0.653087   \n",
       "post_fun   0.198988  0.376701 -0.472463   0.243415  0.653087  1.000000   \n",
       "post_well  0.262392  0.532114 -0.675026   0.292694  0.866689  0.667067   \n",
       "\n",
       "           post_well  \n",
       "overall1    0.262392  \n",
       "imprv1      0.532114  \n",
       "post_sym   -0.675026  \n",
       "post_cope   0.292694  \n",
       "post_pmh    0.866689  \n",
       "post_fun    0.667067  \n",
       "post_well   1.000000  "
      ]
     },
     "execution_count": 17,
     "metadata": {},
     "output_type": "execute_result"
    }
   ],
   "source": [
    "df[['overall1', 'imprv1', 'post_sym', 'post_cope', 'post_pmh', 'post_fun', 'post_well']].corr()"
   ]
  },
  {
   "cell_type": "code",
   "execution_count": 18,
   "id": "hollywood-deployment",
   "metadata": {},
   "outputs": [
    {
     "data": {
      "text/plain": [
       "change_sym     0.527292\n",
       "change_cope    0.096267\n",
       "change_pmh     0.552289\n",
       "change_fun     0.196326\n",
       "change_well    0.585467\n",
       "dtype: float64"
      ]
     },
     "execution_count": 18,
     "metadata": {},
     "output_type": "execute_result"
    }
   ],
   "source": [
    "#Means of change scores\n",
    "df[['change_sym', 'change_cope', 'change_pmh', 'change_fun', 'change_well']].mean(axis = 0)"
   ]
  },
  {
   "cell_type": "code",
   "execution_count": 19,
   "id": "coordinate-franklin",
   "metadata": {
    "scrolled": true
   },
   "outputs": [
    {
     "data": {
      "text/html": [
       "<div>\n",
       "<style scoped>\n",
       "    .dataframe tbody tr th:only-of-type {\n",
       "        vertical-align: middle;\n",
       "    }\n",
       "\n",
       "    .dataframe tbody tr th {\n",
       "        vertical-align: top;\n",
       "    }\n",
       "\n",
       "    .dataframe thead th {\n",
       "        text-align: right;\n",
       "    }\n",
       "</style>\n",
       "<table border=\"1\" class=\"dataframe\">\n",
       "  <thead>\n",
       "    <tr style=\"text-align: right;\">\n",
       "      <th></th>\n",
       "      <th>overall1</th>\n",
       "      <th>imprv1</th>\n",
       "      <th>change_sym</th>\n",
       "      <th>change_cope</th>\n",
       "      <th>change_pmh</th>\n",
       "      <th>change_fun</th>\n",
       "      <th>change_well</th>\n",
       "    </tr>\n",
       "  </thead>\n",
       "  <tbody>\n",
       "    <tr>\n",
       "      <th>overall1</th>\n",
       "      <td>1.000000</td>\n",
       "      <td>0.557869</td>\n",
       "      <td>0.218829</td>\n",
       "      <td>0.051521</td>\n",
       "      <td>0.243768</td>\n",
       "      <td>0.148836</td>\n",
       "      <td>0.216945</td>\n",
       "    </tr>\n",
       "    <tr>\n",
       "      <th>imprv1</th>\n",
       "      <td>0.557869</td>\n",
       "      <td>1.000000</td>\n",
       "      <td>0.383187</td>\n",
       "      <td>0.071641</td>\n",
       "      <td>0.407886</td>\n",
       "      <td>0.245236</td>\n",
       "      <td>0.401322</td>\n",
       "    </tr>\n",
       "    <tr>\n",
       "      <th>change_sym</th>\n",
       "      <td>0.218829</td>\n",
       "      <td>0.383187</td>\n",
       "      <td>1.000000</td>\n",
       "      <td>0.035817</td>\n",
       "      <td>0.635684</td>\n",
       "      <td>0.393606</td>\n",
       "      <td>0.585998</td>\n",
       "    </tr>\n",
       "    <tr>\n",
       "      <th>change_cope</th>\n",
       "      <td>0.051521</td>\n",
       "      <td>0.071641</td>\n",
       "      <td>0.035817</td>\n",
       "      <td>1.000000</td>\n",
       "      <td>0.225059</td>\n",
       "      <td>0.156884</td>\n",
       "      <td>0.215393</td>\n",
       "    </tr>\n",
       "    <tr>\n",
       "      <th>change_pmh</th>\n",
       "      <td>0.243768</td>\n",
       "      <td>0.407886</td>\n",
       "      <td>0.635684</td>\n",
       "      <td>0.225059</td>\n",
       "      <td>1.000000</td>\n",
       "      <td>0.545382</td>\n",
       "      <td>0.763486</td>\n",
       "    </tr>\n",
       "    <tr>\n",
       "      <th>change_fun</th>\n",
       "      <td>0.148836</td>\n",
       "      <td>0.245236</td>\n",
       "      <td>0.393606</td>\n",
       "      <td>0.156884</td>\n",
       "      <td>0.545382</td>\n",
       "      <td>1.000000</td>\n",
       "      <td>0.541019</td>\n",
       "    </tr>\n",
       "    <tr>\n",
       "      <th>change_well</th>\n",
       "      <td>0.216945</td>\n",
       "      <td>0.401322</td>\n",
       "      <td>0.585998</td>\n",
       "      <td>0.215393</td>\n",
       "      <td>0.763486</td>\n",
       "      <td>0.541019</td>\n",
       "      <td>1.000000</td>\n",
       "    </tr>\n",
       "  </tbody>\n",
       "</table>\n",
       "</div>"
      ],
      "text/plain": [
       "             overall1    imprv1  change_sym  change_cope  change_pmh  \\\n",
       "overall1     1.000000  0.557869    0.218829     0.051521    0.243768   \n",
       "imprv1       0.557869  1.000000    0.383187     0.071641    0.407886   \n",
       "change_sym   0.218829  0.383187    1.000000     0.035817    0.635684   \n",
       "change_cope  0.051521  0.071641    0.035817     1.000000    0.225059   \n",
       "change_pmh   0.243768  0.407886    0.635684     0.225059    1.000000   \n",
       "change_fun   0.148836  0.245236    0.393606     0.156884    0.545382   \n",
       "change_well  0.216945  0.401322    0.585998     0.215393    0.763486   \n",
       "\n",
       "             change_fun  change_well  \n",
       "overall1       0.148836     0.216945  \n",
       "imprv1         0.245236     0.401322  \n",
       "change_sym     0.393606     0.585998  \n",
       "change_cope    0.156884     0.215393  \n",
       "change_pmh     0.545382     0.763486  \n",
       "change_fun     1.000000     0.541019  \n",
       "change_well    0.541019     1.000000  "
      ]
     },
     "execution_count": 19,
     "metadata": {},
     "output_type": "execute_result"
    }
   ],
   "source": [
    "df[['overall1', 'imprv1', 'change_sym', 'change_cope', 'change_pmh', 'change_fun', 'change_well']].corr()"
   ]
  },
  {
   "cell_type": "code",
   "execution_count": 20,
   "id": "identified-single",
   "metadata": {
    "scrolled": false
   },
   "outputs": [
    {
     "data": {
