"","dsym","ndsym","cope_r","pmh_r","fun_r","well_r"
"dsym",1,0.79,0.75,0.79,0.76,0.78
"ndsym",0.79,1,0.73,0.72,0.73,0.73
"cope_r",0.75,0.73,1,0.78,0.79,0.8
"pmh_r",0.79,0.72,0.78,1,0.8,0.86
"fun_r",0.76,0.73,0.79,0.8,1,0.82
"well_r",0.78,0.73,0.8,0.86,0.82,1
