"","dsym","ndsym","cope_r","pmh_r","fun_r","well_r"
"dsym",2,1.57,1.5,1.58,1.52,1.56
"ndsym",1.57,2,1.45,1.44,1.44,1.46
"cope_r",1.5,1.45,2,1.56,1.57,1.6
"pmh_r",1.58,1.44,1.56,2,1.61,1.72
"fun_r",1.52,1.44,1.57,1.61,2,1.63
"well_r",1.56,1.46,1.6,1.72,1.63,2
